,Cluster
0,2
1,3
2,4
3,1
4,3
5,2
6,2
7,1
8,0
9,2
10,3
11,0
12,3
13,0
14,0
15,3
16,3
17,2
18,4
19,2
20,2
21,1
22,0
23,2
24,1
25,2
26,2
27,0
28,0
29,3
30,3
31,3
32,2
33,4
34,1
35,4
36,0
37,2
38,4
39,0
40,4
41,1
42,1
43,4
44,2
45,3
46,3
47,2
48,4
49,2
50,1
51,4
52,2
53,3
54,3
55,1
56,3
57,3
58,0
59,0
60,4
61,1
62,1
63,0
64,4
65,0
66,4
67,4
68,2
69,2
70,1
71,2
72,2
73,0
74,2
75,4
76,3
77,2
78,3
79,2
80,2
81,4
82,4
83,2
84,3
85,4
86,0
87,2
88,2
89,0
90,2
91,1
92,1
93,2
94,3
95,1
96,2
97,0
98,4
99,2
100,0
101,0
102,2
103,2
104,0
105,2
106,2
107,3
108,3
109,3
110,3
111,1
112,4
113,4
114,4
115,2
116,4
117,3
118,1
119,3
120,4
121,2
122,3
123,3
124,3
125,2
126,2
127,0
128,1
129,4
130,2
131,0
132,0
133,2
134,3
135,2
136,2
137,1
138,3
139,2
140,1
141,2
142,0
143,2
144,3
145,2
146,2
147,0
148,2
149,2
150,0
151,1
152,3
153,2
154,1
155,1
156,4
157,2
158,2
159,2
160,2
161,2
162,2
163,4
164,3
165,1
166,2
167,3
168,4
169,3
170,1
171,3
172,0
173,3
174,3
175,2
176,3
177,2
178,2
179,3
180,2
181,4
182,2
183,1
184,3
185,4
186,3
187,4
188,2
189,0
190,3
191,4
192,3
193,1
194,3
195,1
196,1
197,4
198,2
199,0
200,2
201,0
202,0
203,3
204,0
205,3
206,2
207,4
208,4
209,1
210,3
211,4
212,1
213,3
214,1
215,4
216,1
217,0
218,2
219,2
220,2
221,2
222,2
223,2
224,0
225,0
226,0
227,2
228,1
229,4
230,3
231,0
232,2
233,2
234,3
235,2
236,2
237,3
238,4
239,2
240,2
241,0
242,3
243,2
244,0
245,0
246,2
247,0
248,3
249,2
250,2
251,3
252,2
253,1
254,0
255,1
256,1
257,3
258,4
259,2
260,4
261,3
262,4
263,0
264,2
265,2
266,2
267,2
268,4
269,2
270,3
271,2
272,0
273,0
274,3
275,2
276,2
277,0
278,2
279,1
280,2
281,2
282,4
283,1
284,3
285,3
286,0
287,2
288,3
289,2
290,2
291,3
292,3
293,2
294,1
295,2
296,4
297,1
298,2
299,2
300,1
301,3
302,4
303,1
304,2
305,3
306,2
307,0
308,0
309,4
310,3
311,0
312,4
313,2
314,2
315,3
316,2
317,2
318,1
319,2
320,2
321,2
322,2
323,2
324,2
325,2
326,3
327,4
328,4
329,3
330,2
331,3
332,2
333,3
334,1
335,1
336,3
337,3
338,0
339,2
340,4
341,1
342,2
343,0
344,2
345,0
346,2
347,1
348,3
349,3
350,2
351,3
352,1
353,3
354,0
355,3
356,4
357,3
358,1
359,1
360,2
361,2
362,1
363,0
364,1
365,0
366,2
367,2
368,1
369,2
370,3
371,3
372,1
373,2
374,0
375,2
376,2
377,4
378,2
379,0
380,3
381,0
382,3
383,2
384,1
385,1
386,2
387,4
388,0
389,4
390,3
391,3
392,1
393,0
394,0
395,3
396,4
397,3
398,0
399,3
400,1
401,1
402,0
403,2
404,2
405,4
406,0
407,1
408,2
409,0
410,2
411,1
412,3
413,4
414,3
415,2
416,4
417,3
418,4
419,1
420,4
421,2
422,2
423,1
424,3
425,1
426,3
427,3
428,2
429,2
430,3
431,2
432,2
433,0
434,4
435,2
436,1
437,3
438,0
439,3
440,0
441,1
442,2
443,2
444,2
445,3
446,0
447,4
448,2
449,2
450,0
451,1
452,1
453,2
454,1
455,1
456,2
457,1
458,2
459,2
460,0
461,3
462,3
463,3
464,0
465,2
466,3
467,2
468,1
469,2
470,0
471,4
472,1
473,4
474,2
475,4
476,3
477,0
478,2
479,1
480,2
481,1
482,4
483,2
484,3
485,1
486,2
487,0
488,1
489,1
490,0
491,3
492,0
493,1
494,2
495,3
496,4
497,1
498,3
499,1
500,3
501,3
502,2
503,3
504,2
505,4
506,0
507,4
508,2
509,2
510,3
511,0
512,3
513,3
514,3
515,0
516,1
517,2
518,4
519,2
520,1
521,2
522,3
523,2
524,1
525,2
526,3
527,1
528,0
529,2
530,2
531,0
532,2
533,4
534,2
535,3
536,3
537,0
538,3
539,4
540,3
541,0
542,2
543,2
544,1
545,0
546,3
547,0
548,2
549,2
550,0
551,4
552,3
553,4
554,2
555,2
556,2
557,2
558,0
559,4
560,0
561,4
562,0
563,2
564,2
565,0
566,2
567,2
568,2
569,1
570,3
571,2
572,3
573,0
574,1
575,3
576,0
577,2
578,1
579,4
580,4
581,1
582,2
583,4
584,1
585,0
586,2
587,1
588,4
589,1
590,4
591,3
592,3
593,0
594,2
595,2
596,2
597,2
598,0
599,4
600,4
601,2
602,1
603,3
604,3
605,2
606,0
607,3
608,1
609,3
610,3
611,1
612,0
613,2
614,3
615,0
616,4
617,1
618,0
619,3
620,3
621,3
622,3
623,3
624,3
625,4
626,4
627,0
628,2
629,0
630,2
631,2
632,0
633,0
634,0
635,0
636,1
637,2
638,4
639,3
640,1
641,2
642,3
643,3
644,3
645,2
646,3
647,1
648,1
649,3
650,2
651,3
652,3
653,0
654,2
655,2
656,1
657,2
658,2
659,2
660,3
661,2
662,4
663,1
664,1
665,4
666,2
667,1
668,1
669,1
670,1
671,3
672,0
673,0
674,2
675,1
676,2
677,4
678,1
679,2
680,2
681,3
682,2
683,2
684,4
685,4
686,3
687,1
688,2
689,2
690,0
691,1
692,4
693,2
694,3
695,2
696,4
697,1
698,3
699,0
700,2
701,3
702,1
703,4
704,4
705,3
706,3
707,3
708,4
709,2
710,3
711,3
712,3
713,1
714,2
715,0
716,3
717,1
718,0
719,3
720,4
721,3
722,4
723,2
724,3
725,0
726,2
727,0
728,1
729,1
730,3
731,0
732,4
733,0
734,1
735,3
736,2
737,3
738,1
739,4
740,2
741,4
742,0
743,3
744,3
745,0
746,1
747,0
748,2
749,3
750,3
751,2
752,0
753,2
754,2
755,3
756,4
757,4
758,1
759,2
760,2
761,3
762,3
763,4
764,4
765,2
766,3
767,0
768,3
769,3
770,1
771,1
772,0
773,1
774,0
775,1
776,4
777,4
778,3
779,3
780,2
781,1
782,0
783,3
784,3
785,4
786,2
787,4
788,0
789,1
790,3
791,2
792,1
793,2
794,0
795,2
796,3
797,0
798,4
799,0
800,0
801,2
802,2
803,0
804,4
805,1
806,1
807,4
808,2
809,3
810,3
811,3
812,1
813,4
814,4
815,2
816,4
817,4
818,3
819,3
820,2
821,3
822,1
823,1
824,4
825,1
826,1
827,2
828,0
829,4
830,3
831,2
832,4
833,0
834,2
835,1
836,4
837,2
838,2
839,4
840,0
841,3
842,2
843,4
844,2
845,1
846,1
847,1
848,1
849,0
850,0
851,3
852,1
853,2
854,1
855,0
856,3
857,2
858,2
859,2
860,2
861,3
862,1
863,2
864,0
865,2
866,2
867,0
868,3
869,0
870,0
871,0
872,4
873,4
874,0
875,4
876,2
877,2
878,3
879,0
880,0
881,2
882,2
883,3
884,3
885,3
886,3
887,2
888,2
889,1
890,3
891,1
892,0
893,2
894,1
895,3
896,2
897,1
898,2
899,1
900,1
901,1
902,4
903,3
904,0
905,4
906,1
907,2
908,1
909,1
910,4
911,3
912,2
913,0
914,0
915,0
916,4
917,0
918,3
919,4
920,0
921,3
922,3
923,1
924,4
925,2
926,1
927,2
928,2
929,0
930,0
931,2
932,2
933,4
934,3
935,1
936,0
937,2
938,1
939,2
940,0
941,3
942,2
943,3
944,1
945,3
946,1
947,2
948,2
949,0
950,1
951,2
952,0
953,2
954,2
955,4
956,3
957,3
958,4
959,2
960,2
961,2
962,2
963,1
964,2
965,0
966,4
967,4
968,0
969,3
970,4
971,1
972,1
973,2
974,0
975,2
976,2
977,2
978,3
979,1
980,4
981,4
982,3
983,4
984,2
985,4
986,2
987,0
988,4
989,2
990,0
991,1
992,0
993,3
994,1
995,1
996,3
997,3
998,2
999,2
1000,3
1001,1
1002,2
1003,3
1004,2
1005,4
1006,2
1007,3
1008,0
1009,3
1010,4
1011,1
1012,1
1013,0
1014,4
1015,4
1016,3
1017,0
1018,3
1019,4
1020,2
1021,3
1022,0
1023,2
1024,2
1025,3
1026,4
1027,1
1028,3
1029,3
1030,2
1031,1
1032,3
1033,2
1034,2
1035,0
1036,3
1037,2
1038,4
1039,1
1040,3
1041,4
1042,4
1043,2
1044,3
1045,3
1046,3
1047,4
1048,1
1049,2
1050,4
1051,3
1052,4
1053,2
1054,4
1055,2
1056,3
1057,2
1058,3
1059,3
1060,4
1061,0
1062,1
1063,2
1064,1
1065,4
1066,0
1067,0
1068,4
1069,2
1070,0
1071,4
1072,0
1073,2
1074,2
1075,2
1076,2
1077,2
1078,3
1079,1
1080,1
1081,1
1082,3
1083,1
1084,3
1085,3
1086,0
1087,0
1088,2
1089,3
1090,4
1091,3
1092,3
1093,0
1094,0
1095,1
1096,0
1097,2
1098,1
1099,1
1100,1
1101,0
1102,3
1103,1
1104,1
1105,0
1106,4
1107,4
1108,0
1109,4
1110,3
1111,4
1112,2
1113,1
1114,2
1115,0
1116,3
1117,0
1118,2
1119,0
1120,1
1121,2
1122,3
1123,1
1124,3
1125,2
1126,3
1127,2
1128,0
1129,0
1130,2
1131,3
1132,3
1133,0
1134,4
1135,1
1136,3
1137,0
1138,4
1139,0
1140,0
1141,4
1142,2
1143,3
1144,3
1145,0
1146,0
1147,2
1148,3
1149,2
1150,1
1151,0
1152,0
1153,0
1154,0
1155,3
1156,2
1157,0
1158,3
1159,1
1160,2
1161,0
1162,1
1163,3
1164,2
1165,4
1166,1
1167,3
1168,4
1169,3
1170,2
1171,1
1172,3
1173,1
1174,0
1175,1
1176,0
1177,3
1178,1
1179,3
1180,1
1181,4
1182,3
1183,3
1184,2
1185,0
1186,2
1187,0
1188,0
1189,4
1190,3
1191,2
1192,0
1193,4
1194,2
1195,4
1196,0
1197,1
1198,2
1199,3
1200,3
1201,3
1202,2
1203,2
1204,0
1205,2
1206,4
1207,2
1208,2
1209,4
1210,4
1211,1
1212,3
1213,1
1214,4
1215,0
1216,3
1217,4
1218,4
1219,2
1220,1
1221,1
1222,3
1223,3
1224,1
1225,1
1226,3
1227,1
1228,3
1229,0
1230,0
1231,2
1232,0
1233,3
1234,1
1235,3
1236,0
1237,1
1238,2
1239,2
1240,1
1241,2
1242,2
1243,1
1244,4
1245,3
1246,2
1247,4
1248,1
1249,2
1250,4
1251,1
1252,1
1253,3
1254,3
1255,3
1256,1
1257,0
1258,3
1259,4
1260,2
1261,1
1262,2
1263,3
1264,0
1265,2
1266,0
1267,1
1268,1
1269,3
1270,3
1271,4
1272,0
1273,4
1274,1
1275,4
1276,2
1277,2
1278,1
1279,2
1280,3
1281,2
1282,3
1283,3
1284,2
1285,2
1286,0
1287,2
1288,2
1289,4
1290,3
1291,0
1292,2
1293,1
1294,3
1295,4
1296,1
1297,4
1298,1
1299,0
1300,3
1301,3
1302,3
1303,3
1304,3
1305,0
1306,2
1307,1
1308,3
1309,2
1310,3
1311,4
1312,1
1313,2
1314,2
1315,4
1316,4
1317,2
1318,3
1319,2
1320,2
1321,1
1322,3
1323,2
1324,4
1325,4
1326,2
1327,3
1328,4
1329,4
1330,0
1331,3
1332,2
1333,3
1334,2
1335,4
1336,2
1337,3
1338,4
1339,3
1340,0
1341,2
1342,0
1343,2
1344,2
1345,0
1346,2
1347,0
1348,2
1349,2
1350,1
1351,3
1352,3
1353,2
1354,2
1355,4
1356,3
1357,3
1358,0
1359,3
1360,1
1361,0
1362,2
1363,0
1364,2
1365,1
1366,0
1367,3
1368,3
1369,1
1370,4
1371,3
1372,4
1373,2
1374,2
1375,1
1376,3
1377,4
1378,1
1379,2
1380,2
1381,2
1382,2
1383,2
1384,1
1385,1
1386,0
1387,1
1388,4
1389,3
1390,0
1391,3
1392,4
1393,2
1394,0
1395,1
1396,0
1397,1
1398,4
1399,3
1400,1
1401,4
1402,4
1403,0
1404,2
1405,3
1406,2
1407,0
1408,4
1409,3
1410,2
1411,4
1412,2
1413,0
1414,3
1415,4
1416,2
1417,1
1418,0
1419,1
1420,2
1421,2
1422,3
1423,1
1424,4
1425,2
1426,4
1427,3
1428,1
1429,3
1430,3
1431,3
1432,2
1433,3
1434,0
1435,3
1436,2
1437,1
1438,1
1439,2
1440,2
1441,2
1442,1
1443,0
1444,4
1445,3
1446,2
1447,3
1448,0
1449,0
1450,0
1451,4
1452,0
1453,3
1454,0
1455,2
1456,2
1457,2
1458,3
1459,2
1460,3
1461,2
1462,2
1463,1
1464,1
1465,2
1466,4
1467,3
1468,2
1469,2
1470,4
1471,3
1472,3
1473,1
1474,2
1475,0
1476,4
1477,0
1478,1
1479,2
1480,3
1481,4
1482,3
1483,0
1484,3
1485,3
1486,3
1487,0
1488,1
1489,0
1490,4
1491,3
1492,0
1493,3
1494,1
1495,3
1496,2
1497,3
1498,2
1499,2
1500,0
1501,3
1502,2
1503,1
1504,2
1505,3
1506,1
1507,3
1508,3
1509,2
1510,1
1511,2
1512,3
1513,3
1514,0
1515,4
1516,2
1517,3
1518,2
1519,2
1520,3
1521,3
1522,2
1523,4
1524,1
1525,4
1526,0
1527,0
1528,2
1529,4
1530,0
1531,0
1532,3
1533,4
1534,2
1535,1
1536,2
1537,2
1538,0
1539,2
1540,0
1541,2
1542,4
1543,2
1544,1
1545,4
1546,2
1547,0
1548,3
1549,1
1550,4
1551,0
1552,3
1553,1
1554,0
1555,1
1556,2
1557,2
1558,2
1559,0
1560,2
1561,1
1562,4
1563,2
1564,2
1565,0
1566,4
1567,2
1568,0
1569,3
1570,2
1571,4
1572,1
1573,2
1574,2
1575,1
1576,1
1577,4
1578,2
1579,3
1580,2
1581,4
1582,3
1583,2
1584,4
1585,3
1586,3
1587,4
1588,1
1589,4
1590,4
1591,0
1592,2
1593,3
1594,3
1595,3
1596,0
1597,3
1598,2
1599,2
1600,2
1601,1
1602,2
1603,4
1604,2
1605,4
1606,1
1607,4
1608,1
1609,4
1610,2
1611,2
1612,4
1613,0
1614,3
1615,4
1616,2
1617,3
1618,2
1619,0
1620,2
1621,0
1622,0
1623,2
1624,4
1625,0
1626,1
1627,2
1628,4
1629,1
1630,2
1631,4
1632,3
1633,2
1634,0
1635,4
1636,0
1637,3
1638,2
1639,1
1640,2
1641,4
1642,2
1643,1
1644,0
1645,0
1646,0
1647,2
1648,2
1649,2
1650,1
1651,2
1652,3
1653,2
1654,0
1655,0
1656,2
1657,1
1658,4
1659,2
1660,2
1661,0
1662,3
1663,4
1664,0
1665,2
1666,3
1667,3
1668,3
1669,1
1670,0
1671,3
1672,1
1673,3
1674,0
1675,2
1676,1
1677,3
1678,4
1679,3
1680,3
1681,0
1682,0
1683,4
1684,3
1685,0
1686,2
1687,1
1688,1
1689,3
1690,2
1691,3
1692,2
1693,2
1694,1
1695,2
1696,4
1697,4
1698,3
1699,2
1700,3
1701,3
1702,2
1703,4
1704,3
1705,3
1706,0
1707,4
1708,3
1709,2
1710,1
1711,0
1712,0
1713,4
1714,0
1715,0
1716,1
1717,0
1718,0
1719,4
1720,2
1721,1
1722,4
1723,2
1724,4
1725,3
1726,2
1727,2
1728,1
1729,4
1730,0
1731,4
1732,2
1733,3
1734,1
1735,2
1736,1
1737,3
1738,1
1739,4
1740,0
1741,1
1742,0
1743,1
1744,0
1745,0
1746,0
1747,4
1748,0
1749,2
1750,0
1751,2
1752,0
1753,1
1754,2
1755,0
1756,2
1757,0
1758,3
1759,2
1760,1
1761,2
1762,2
1763,1
1764,2
1765,4
1766,4
1767,0
1768,2
1769,2
1770,0
1771,4
1772,4
1773,2
1774,2
1775,0
1776,2
1777,4
1778,3
1779,1
1780,3
1781,4
1782,4
1783,4
1784,4
1785,1
1786,4
1787,2
1788,4
1789,1
1790,1
1791,0
1792,2
1793,1
1794,1
1795,4
1796,4
1797,4
1798,4
1799,1
1800,2
1801,4
1802,2
1803,1
1804,2
1805,3
1806,4
1807,4
1808,0
1809,3
1810,1
1811,3
1812,2
1813,4
1814,1
1815,2
1816,3
1817,1
1818,0
1819,3
1820,3
1821,1
1822,3
1823,4
1824,0
1825,0
1826,1
1827,4
1828,0
1829,4
1830,3
1831,4
1832,0
1833,4
1834,0
1835,4
1836,4
1837,3
1838,4
1839,4
1840,3
1841,4
1842,0
1843,1
1844,4
1845,4
1846,3
1847,2
1848,3
1849,2
1850,4
1851,4
1852,1
1853,2
1854,1
1855,3
1856,1
1857,2
1858,1
1859,2
1860,2
1861,4
1862,3
1863,4
1864,0
1865,4
1866,3
1867,3
1868,1
1869,3
1870,0
1871,1
1872,3
1873,2
1874,2
1875,3
1876,0
1877,4
1878,2
1879,2
1880,3
1881,2
1882,0
1883,4
1884,2
1885,4
1886,4
1887,2
1888,3
1889,1
1890,2
1891,2
1892,1
1893,3
1894,3
1895,2
1896,4
1897,0
1898,0
1899,2
1900,2
1901,1
1902,2
1903,0
1904,1
1905,4
1906,0
1907,3
1908,2
1909,4
1910,2
1911,4
1912,1
1913,4
1914,2
1915,0
1916,3
1917,3
1918,3
1919,3
1920,3
1921,2
1922,4
1923,4
1924,1
1925,4
1926,0
1927,4
1928,2
1929,4
1930,2
1931,2
1932,3
1933,0
1934,2
1935,2
1936,3
1937,0
1938,2
1939,2
1940,2
1941,1
1942,4
1943,4
1944,0
1945,1
1946,2
1947,4
1948,0
1949,0
1950,1
1951,1
1952,2
1953,4
1954,4
1955,0
1956,3
1957,4
1958,3
1959,1
1960,3
1961,4
1962,1
1963,2
1964,3
1965,4
1966,2
1967,1
1968,0
1969,3
1970,2
1971,4
1972,4
1973,4
1974,2
1975,4
1976,2
1977,4
1978,4
1979,2
1980,0
1981,2
1982,2
1983,2
1984,1
1985,3
1986,2
1987,4
1988,2
1989,4
1990,3
1991,0
1992,3
1993,2
1994,3
1995,2
1996,2
1997,4
1998,3
1999,2
2000,4
2001,3
2002,0
2003,4
2004,4
2005,2
2006,2
2007,0
2008,1
2009,3
2010,1
2011,2
2012,3
2013,0
2014,1
2015,1
2016,2
2017,3
2018,2
2019,3
2020,4
2021,2
2022,3
2023,1
2024,3
2025,2
2026,4
2027,1
2028,1
2029,2
2030,2
2031,2
2032,2
2033,2
2034,4
2035,4
2036,1
2037,1
2038,0
2039,4
2040,0
2041,1
2042,4
2043,3
2044,3
2045,2
2046,0
2047,0
2048,0
2049,1
2050,4
2051,0
2052,4
2053,3
2054,3
2055,4
2056,2
2057,2
2058,2
2059,2
2060,3
2061,0
2062,1
2063,2
2064,3
2065,2
2066,1
2067,0
2068,0
2069,3
2070,2
2071,1
2072,4
2073,3
2074,3
2075,0
2076,0
2077,0
2078,1
2079,2
2080,2
2081,4
2082,2
2083,3
2084,3
2085,2
2086,0
2087,2
2088,3
2089,1
2090,0
2091,2
2092,4
2093,2
2094,3
2095,4
2096,2
2097,2
2098,2
2099,1
2100,3
2101,3
2102,2
2103,0
2104,1
2105,3
2106,2
2107,4
2108,3
2109,0
2110,3
2111,4
2112,2
2113,1
2114,3
2115,4
2116,1
2117,4
2118,0
2119,4
2120,2
2121,3
2122,0
2123,2
2124,1
2125,4
2126,3
2127,4
2128,3
2129,3
2130,4
2131,2
2132,4
2133,1
2134,1
2135,2
2136,4
2137,3
2138,2
2139,3
2140,4
2141,3
2142,0
2143,4
2144,3
2145,3
2146,2
2147,2
2148,1
2149,1
2150,4
2151,0
2152,4
2153,2
2154,0
2155,4
2156,4
2157,0
2158,4
2159,2
2160,3
2161,1
2162,1
2163,4
2164,1
2165,2
2166,3
2167,3
2168,1
2169,0
2170,3
2171,3
2172,2
2173,4
2174,2
2175,4
2176,3
2177,2
2178,0
2179,2
2180,4
2181,4
2182,1
2183,2
2184,3
2185,4
2186,1
2187,4
2188,2
2189,3
2190,2
2191,1
2192,4
2193,3
2194,2
2195,2
2196,3
2197,1
2198,3
2199,0
2200,2
2201,3
2202,4
2203,3
2204,4
2205,2
2206,2
2207,2
2208,2
2209,2
2210,0
2211,1
2212,3
2213,2
2214,0
2215,2
2216,3
2217,2
2218,4
2219,4
2220,0
2221,2
2222,4
2223,3
2224,3
2225,3
2226,1
2227,3
2228,3
2229,3
2230,2
2231,1
2232,1
2233,3
2234,0
2235,0
2236,0
2237,3
2238,2
2239,2
2240,2
2241,1
2242,2
2243,1
2244,4
2245,1
2246,2
2247,4
2248,4
2249,0
2250,3
2251,3
2252,4
2253,1
2254,3
2255,1
2256,4
2257,2
2258,0
2259,2
2260,1
2261,1
2262,3
2263,3
2264,2
2265,0
2266,4
2267,3
2268,3
2269,0
2270,3
2271,1
2272,1
2273,3
2274,2
2275,1
2276,0
2277,3
2278,2
2279,3
2280,0
2281,3
2282,2
2283,4
2284,2
2285,2
2286,4
2287,0
2288,2
2289,3
2290,1
2291,3
2292,2
2293,0
2294,0
2295,0
2296,2
2297,2
2298,2
2299,0
2300,1
2301,4
2302,3
2303,3
2304,0
2305,4
2306,3
2307,4
2308,4
2309,4
2310,0
2311,4
2312,3
2313,2
2314,0
2315,0
2316,2
2317,2
2318,4
2319,4
2320,3
2321,2
2322,0
2323,3
2324,0
2325,0
2326,3
2327,1
2328,1
2329,1
2330,2
2331,1
2332,2
2333,1
2334,2
2335,2
2336,3
2337,2
2338,1
2339,2
2340,2
2341,2
2342,2
2343,1
2344,1
2345,2
2346,1
2347,3
2348,2
2349,3
2350,0
2351,2
2352,4
2353,3
2354,1
2355,3
2356,3
2357,1
2358,2
2359,2
2360,3
2361,3
2362,0
2363,2
2364,2
2365,4
2366,3
2367,2
2368,4
2369,2
2370,3
2371,0
2372,2
2373,3
2374,1
2375,2
2376,3
2377,1
2378,2
2379,3
2380,3
2381,2
2382,4
2383,2
2384,4
2385,1
2386,4
2387,2
2388,3
2389,0
2390,3
2391,1
2392,3
2393,0
2394,4
2395,1
2396,2
2397,4
2398,3
2399,3
2400,3
2401,2
2402,1
2403,3
2404,1
2405,0
2406,1
2407,4
2408,3
2409,4
2410,2
2411,4
2412,1
2413,2
2414,4
2415,0
2416,3
2417,3
2418,4
2419,2
2420,1
2421,4
2422,3
2423,0
2424,1
2425,0
2426,1
2427,1
2428,2
2429,2
2430,3
2431,2
2432,0
2433,3
2434,4
2435,3
2436,2
2437,4
2438,3
2439,3
2440,2
2441,3
2442,0
2443,3
2444,2
2445,4
2446,0
2447,3
2448,1
2449,2
2450,2
2451,3
2452,2
2453,3
2454,2
2455,3
2456,0
2457,3
2458,4
2459,2
2460,4
2461,4
2462,0
2463,1
2464,1
2465,4
2466,4
2467,2
2468,2
2469,2
2470,2
2471,2
2472,4
2473,4
2474,2
2475,2
2476,2
2477,0
2478,1
2479,4
2480,0
2481,1
2482,1
2483,4
2484,3
2485,1
2486,4
2487,4
2488,3
2489,2
2490,3
2491,2
2492,4
2493,0
2494,0
2495,1
2496,3
2497,3
2498,2
2499,0
2500,2
2501,1
2502,3
2503,1
2504,4
2505,0
2506,2
2507,1
2508,0
2509,3
2510,4
2511,2
2512,1
2513,1
2514,2
2515,4
2516,4
2517,3
2518,2
2519,1
2520,3
2521,1
2522,2
2523,2
2524,3
2525,2
2526,3
2527,0
2528,0
2529,1
2530,0
2531,3
2532,2
2533,4
2534,2
2535,2
2536,2
2537,2
2538,1
2539,2
2540,2
2541,1
2542,3
2543,3
2544,0
2545,4
2546,3
2547,4
2548,3
2549,3
2550,1
2551,4
2552,4
2553,1
2554,4
2555,1
2556,4
2557,4
2558,4
2559,3
2560,1
2561,3
2562,3
2563,0
2564,0
2565,4
2566,4
2567,2
2568,0
2569,4
2570,1
2571,4
2572,3
2573,1
2574,4
2575,2
2576,0
2577,2
2578,2
2579,3
2580,3
2581,1
2582,4
2583,1
2584,3
2585,1
2586,3
2587,2
2588,3
2589,2
2590,3
2591,0
2592,0
2593,4
2594,2
2595,1
2596,2
2597,1
2598,0
2599,3
2600,2
2601,3
2602,1
2603,3
2604,2
2605,3
2606,2
2607,3
2608,0
2609,1
2610,2
2611,2
2612,4
2613,4
2614,0
2615,2
2616,3
2617,3
2618,3
2619,0
2620,1
2621,3
2622,2
2623,0
2624,4
2625,3
2626,4
2627,1
2628,3
2629,4
2630,1
2631,0
2632,4
2633,1
2634,1
2635,0
2636,3
2637,2
2638,2
2639,0
2640,3
2641,3
2642,2
2643,3
2644,2
2645,1
2646,3
2647,4
2648,3
2649,3
2650,1
2651,3
2652,0
2653,0
2654,2
2655,0
2656,2
2657,4
2658,2
2659,2
2660,2
2661,4
2662,1
2663,2
2664,3
2665,3
2666,2
2667,3
2668,4
2669,2
2670,1
2671,4
2672,0
2673,0
2674,2
2675,3
2676,2
2677,1
2678,0
2679,2
2680,0
2681,1
2682,4
2683,2
2684,0
2685,2
2686,3
2687,3
2688,2
2689,2
2690,3
2691,1
2692,3
2693,3
2694,3
2695,0
2696,1
2697,1
2698,0
2699,1
2700,4
2701,0
2702,2
2703,1
2704,2
2705,4
2706,2
2707,0
2708,3
2709,1
2710,4
2711,2
2712,2
2713,4
2714,3
2715,2
2716,0
2717,3
2718,1
2719,2
2720,0
2721,1
2722,3
2723,4
2724,1
2725,4
2726,3
2727,3
2728,2
2729,1
2730,2
2731,2
2732,2
2733,3
2734,1
2735,3
2736,3
2737,4
2738,1
2739,3
2740,2
2741,4
2742,2
2743,1
2744,2
2745,1
2746,1
2747,2
2748,2
2749,3
2750,1
2751,3
2752,3
2753,3
2754,1
2755,1
2756,1
2757,0
2758,1
2759,3
2760,3
2761,4
2762,0
2763,3
2764,4
2765,3
2766,3
2767,2
2768,4
2769,2
2770,4
2771,4
2772,3
2773,4
2774,0
2775,4
2776,4
2777,1
2778,1
2779,1
2780,0
2781,1
2782,3
2783,4
2784,4
2785,0
2786,2
2787,4
2788,1
2789,4
2790,0
2791,4
2792,3
2793,4
2794,0
2795,2
2796,4
2797,1
2798,4
2799,3
2800,4
2801,3
2802,3
2803,0
2804,2
2805,2
2806,3
2807,2
2808,4
2809,4
2810,2
2811,3
2812,4
2813,2
2814,0
2815,2
2816,3
2817,4
2818,3
2819,4
2820,1
2821,0
2822,1
2823,4
2824,0
2825,2
2826,2
2827,4
2828,3
2829,2
2830,4
2831,4
2832,2
2833,2
2834,4
2835,1
2836,0
2837,1
2838,1
2839,3
2840,2
2841,2
2842,1
2843,2
2844,4
2845,1
2846,3
2847,3
2848,0
2849,1
2850,4
2851,2
2852,4
2853,3
2854,2
2855,4
2856,1
2857,2
2858,4
2859,4
2860,1
2861,0
2862,2
2863,1
2864,4
2865,3
2866,3
2867,2
2868,1
2869,2
2870,3
2871,1
2872,1
2873,0
2874,0
2875,4
2876,4
2877,0
2878,1
2879,3
2880,3
2881,2
2882,2
2883,2
2884,3
2885,3
2886,1
2887,1
2888,0
2889,0
2890,2
2891,1
2892,0
2893,3
2894,2
2895,3
2896,2
2897,4
2898,0
2899,0
2900,2
2901,0
2902,3
2903,0
2904,2
2905,3
2906,2
2907,2
2908,2
2909,2
2910,2
2911,1
2912,0
2913,0
2914,2
2915,0
2916,0
2917,2
2918,0
2919,0
2920,2
2921,3
2922,2
2923,3
2924,3
2925,2
2926,0
2927,1
2928,4
2929,2
2930,3
2931,0
2932,3
2933,2
2934,2
2935,0
2936,0
2937,1
2938,0
2939,4
2940,2
2941,0
2942,3
2943,2
2944,2
2945,0
2946,0
2947,3
2948,2
2949,2
2950,0
2951,3
2952,1
2953,3
2954,2
2955,3
2956,2
2957,1
2958,2
2959,2
2960,0
2961,4
2962,3
2963,4
2964,4
2965,3
2966,4
2967,0
2968,0
2969,3
2970,4
2971,3
2972,4
2973,4
2974,4
2975,0
2976,1
2977,2
2978,4
2979,3
2980,2
2981,0
2982,3
2983,0
2984,3
2985,3
2986,2
2987,0
2988,4
2989,3
2990,2
2991,3
2992,2
2993,1
2994,3
2995,3
2996,2
2997,4
2998,2
2999,3
3000,3
3001,4
3002,1
3003,3
3004,3
3005,3
3006,0
3007,3
3008,3
3009,4
3010,4
3011,3
3012,2
3013,0
3014,0
3015,3
3016,2
3017,4
3018,2
3019,1
3020,3
3021,2
3022,3
3023,3
3024,4
3025,3
3026,2
3027,4
3028,3
3029,3
3030,1
3031,3
3032,3
3033,2
3034,3
3035,2
3036,2
3037,1
3038,0
3039,3
3040,0
3041,3
3042,2
3043,1
3044,0
3045,0
3046,4
3047,3
3048,1
3049,3
3050,0
3051,2
3052,1
3053,2
3054,0
3055,0
3056,4
3057,2
3058,2
3059,2
3060,2
3061,4
3062,0
3063,2
3064,4
3065,0
3066,1
3067,2
3068,2
3069,3
3070,4
3071,4
3072,0
3073,2
3074,1
3075,2
3076,3
3077,3
3078,0
3079,3
3080,2
3081,3
3082,4
3083,1
3084,3
3085,4
3086,3
3087,2
3088,2
3089,2
3090,1
3091,3
3092,2
3093,1
3094,0
3095,3
3096,1
3097,3
3098,2
3099,3
3100,0
3101,4
3102,1
3103,4
3104,3
3105,1
3106,1
3107,0
3108,1
3109,3
3110,2
3111,4
3112,0
3113,2
3114,2
3115,0
3116,2
3117,4
3118,0
3119,3
3120,0
3121,1
3122,0
3123,0
3124,4
3125,2
3126,3
3127,4
3128,0
3129,2
3130,2
3131,1
3132,1
3133,2
3134,2
3135,0
3136,3
3137,2
3138,2
3139,2
3140,3
3141,4
3142,3
3143,4
3144,3
3145,2
3146,2
3147,4
3148,4
3149,2
3150,2
3151,1
3152,0
3153,4
3154,0
3155,4
3156,2
3157,3
3158,1
3159,2
3160,2
3161,4
3162,3
3163,4
3164,1
3165,0
3166,2
3167,1
3168,3
3169,1
3170,2
3171,4
3172,2
3173,3
3174,2
3175,4
3176,3
3177,2
3178,4
3179,2
3180,4
3181,4
3182,4
3183,2
3184,2
3185,2
3186,3
3187,3
3188,3
3189,0
3190,4
3191,2
3192,3
3193,3
3194,2
3195,4
3196,3
3197,1
3198,1
3199,2
3200,0
3201,1
3202,3
3203,3
3204,1
3205,3
3206,4
3207,3
3208,1
3209,4
3210,2
3211,4
3212,3
3213,2
3214,2
3215,3
3216,1
3217,2
3218,2
3219,0
3220,2
3221,4
3222,1
3223,3
3224,4
3225,0
3226,1
3227,4
3228,2
3229,3
3230,0
3231,2
3232,1
3233,2
3234,2
3235,2
3236,4
3237,2
3238,2
3239,0
3240,0
3241,1
3242,1
3243,2
3244,2
3245,3
3246,3
3247,1
3248,2
3249,3
3250,2
3251,3
3252,4
3253,1
3254,4
3255,1
3256,4
3257,0
3258,2
3259,1
3260,1
3261,0
3262,1
3263,3
3264,3
3265,1
3266,3
3267,3
3268,3
3269,0
3270,4
3271,2
3272,3
3273,4
3274,1
3275,3
3276,2
3277,2
3278,3
3279,2
3280,3
3281,2
3282,1
3283,3
3284,1
3285,3
3286,1
3287,2
3288,3
3289,4
3290,3
3291,1
3292,2
3293,3
3294,3
3295,0
3296,0
3297,4
3298,4
3299,1
3300,4
3301,0
3302,3
3303,0
3304,4
3305,0
3306,0
3307,4
3308,1
3309,0
3310,2
3311,1
3312,0
3313,1
3314,2
3315,0
3316,2
3317,3
3318,1
3319,4
3320,1
3321,2
3322,3
3323,3
3324,3
3325,4
3326,3
3327,2
3328,2
3329,2
3330,1
3331,4
3332,3
3333,3
3334,2
3335,4
3336,2
3337,2
3338,2
3339,3
3340,3
3341,2
3342,0
3343,0
3344,4
3345,3
3346,2
3347,3
3348,2
3349,2
3350,1
3351,4
3352,3
3353,0
3354,1
3355,0
3356,3
3357,2
3358,0
3359,2
3360,3
3361,2
3362,3
3363,2
3364,4
3365,2
3366,3
3367,0
3368,2
3369,3
3370,4
3371,3
3372,2
3373,0
3374,2
3375,0
3376,4
3377,2
3378,1
3379,3
3380,4
3381,4
3382,3
3383,3
3384,1
3385,4
3386,4
3387,0
3388,4
3389,0
3390,3
3391,4
3392,0
3393,1
3394,2
3395,3
3396,0
3397,2
3398,1
3399,0
3400,0
3401,4
3402,2
3403,3
3404,4
3405,1
3406,3
3407,4
3408,4
3409,3
3410,0
3411,4
3412,2
3413,0
3414,2
3415,3
3416,3
3417,3
3418,2
3419,2
3420,3
3421,0
3422,2
3423,2
3424,4
3425,0
3426,0
3427,1
3428,3
3429,2
3430,2
3431,0
3432,3
3433,2
3434,0
3435,2
3436,4
3437,3
3438,0
3439,4
3440,3
3441,1
3442,1
3443,1
3444,2
3445,4
3446,3
3447,0
3448,4
3449,2
3450,2
3451,1
3452,4
3453,1
3454,3
3455,4
3456,3
3457,4
3458,1
3459,4
3460,2
3461,3
3462,3
3463,2
3464,2
3465,2
3466,4
3467,2
3468,0
3469,3
3470,3
3471,2
3472,3
3473,0
3474,2
3475,3
3476,2
3477,3
3478,2
3479,0
3480,2
3481,1
3482,1
3483,1
3484,4
3485,2
3486,0
3487,3
3488,2
3489,3
3490,4
3491,2
3492,2
3493,3
3494,1
3495,4
3496,2
3497,0
3498,2
3499,4
3500,2
3501,1
3502,4
3503,2
3504,0
3505,0
3506,1
3507,4
3508,1
3509,3
3510,2
3511,3
3512,0
3513,2
3514,2
3515,4
3516,3
3517,3
3518,1
3519,4
3520,4
3521,4
3522,0
3523,4
3524,1
3525,4
3526,0
3527,4
3528,2
3529,3
3530,0
3531,0
3532,0
3533,0
3534,0
3535,2
3536,1
3537,1
3538,2
3539,4
3540,3
3541,0
3542,2
3543,1
3544,2
3545,1
3546,3
3547,0
3548,3
3549,1
3550,0
3551,2
3552,3
3553,4
3554,3
3555,3
3556,1
3557,2
3558,0
3559,4
3560,1
3561,3
3562,4
3563,2
3564,1
3565,4
3566,4
3567,3
3568,2
3569,2
3570,4
3571,2
3572,1
3573,3
3574,2
3575,1
3576,4
3577,0
3578,3
3579,2
3580,1
3581,0
3582,2
3583,2
3584,2
3585,4
3586,1
3587,3
3588,4
3589,2
3590,3
3591,4
3592,4
3593,4
3594,3
3595,0
3596,0
3597,3
3598,3
3599,3
3600,2
3601,1
3602,2
3603,0
3604,0
3605,3
3606,3
3607,3
3608,1
3609,2
3610,0
3611,0
3612,0
3613,0
3614,4
3615,2
3616,4
3617,0
3618,2
3619,1
3620,4
3621,2
3622,2
3623,4
3624,4
3625,3
3626,3
3627,3
3628,0
3629,0
3630,0
3631,0
3632,4
3633,2
3634,4
3635,2
3636,3
3637,2
3638,1
3639,0
3640,0
3641,3
3642,0
3643,0
3644,3
3645,3
3646,4
3647,0
3648,1
3649,2
3650,2
3651,0
3652,3
3653,4
3654,1
3655,3
3656,1
3657,3
3658,2
3659,3
3660,4
3661,3
3662,3
3663,3
3664,0
3665,3
3666,2
3667,4
3668,1
3669,3
3670,0
3671,3
3672,3
3673,3
3674,3
3675,0
3676,0
3677,1
3678,3
3679,0
3680,1
3681,3
3682,2
3683,0
3684,1
3685,3
3686,0
3687,1
3688,2
3689,0
3690,3
3691,4
3692,2
3693,3
3694,2
3695,1
3696,1
3697,2
3698,2
3699,1
3700,3
3701,3
3702,4
3703,2
3704,1
3705,3
3706,0
3707,2
3708,2
3709,3
3710,3
3711,0
3712,3
3713,3
3714,0
3715,2
3716,3
3717,2
3718,2
3719,0
3720,1
3721,2
3722,1
3723,3
3724,2
3725,4
3726,3
3727,3
3728,2
3729,4
3730,0
3731,2
3732,3
3733,1
3734,3
3735,2
3736,1
3737,3
3738,1
3739,2
3740,0
3741,4
3742,2
3743,2
3744,3
3745,0
3746,2
3747,2
3748,0
3749,2
3750,3
3751,3
3752,2
3753,4
3754,2
3755,2
3756,2
3757,1
3758,3
3759,4
3760,0
3761,4
3762,0
3763,2
3764,1
3765,2
3766,3
3767,0
3768,1
3769,1
3770,4
3771,4
3772,0
3773,2
3774,0
3775,2
3776,3
3777,3
3778,0
3779,0
3780,2
3781,2
3782,1
3783,1
3784,2
3785,2
3786,2
3787,3
3788,1
3789,2
3790,2
3791,3
3792,1
3793,1
3794,2
3795,2
3796,3
3797,4
3798,2
3799,3
3800,0
3801,2
3802,3
3803,4
3804,0
3805,2
3806,3
3807,3
3808,3
3809,2
3810,3
3811,0
3812,0
3813,3
3814,0
3815,3
3816,4
3817,4
3818,4
3819,4
3820,3
3821,1
3822,0
3823,2
3824,3
3825,1
3826,2
3827,2
3828,3
3829,2
3830,3
3831,2
3832,0
3833,1
3834,4
3835,0
3836,2
3837,0
3838,0
3839,2
3840,0
3841,3
3842,0
3843,2
3844,4
3845,2
3846,0
3847,4
3848,2
3849,3
3850,3
3851,4
3852,2
3853,3
3854,4
3855,1
3856,0
3857,3
3858,3
3859,2
3860,3
3861,1
3862,3
3863,2
3864,2
3865,1
3866,0
3867,2
3868,4
3869,2
3870,1
3871,2
3872,3
3873,0
3874,1
3875,3
3876,0
3877,1
3878,2
3879,2
3880,2
3881,0
3882,0
3883,4
3884,1
3885,2
3886,4
3887,2
3888,2
3889,2
3890,4
3891,2
3892,1
3893,2
3894,2
3895,3
3896,0
3897,4
3898,3
3899,0
3900,4
3901,0
3902,0
3903,1
3904,2
3905,2
3906,3
3907,0
3908,2
3909,2
3910,0
3911,1
3912,4
3913,4
3914,2
3915,2
3916,2
3917,4
3918,2
3919,4
3920,3
3921,3
3922,3
3923,2
3924,2
3925,0
3926,4
3927,2
3928,2
3929,3
3930,3
3931,0
3932,2
3933,3
3934,4
3935,0
3936,2
3937,0
3938,2
3939,2
3940,4
3941,0
3942,4
3943,0
3944,1
3945,1
3946,0
3947,4
3948,3
3949,2
3950,2
3951,2
3952,2
3953,3
3954,1
3955,0
3956,0
3957,4
3958,2
3959,3
3960,2
3961,1
3962,0
3963,0
3964,0
3965,2
3966,1
3967,3
3968,0
3969,1
3970,1
3971,0
3972,1
3973,2
3974,1
3975,0
3976,1
3977,1
3978,2
3979,1
3980,2
3981,0
3982,2
3983,2
3984,2
3985,4
3986,3
3987,0
3988,4
3989,4
3990,3
3991,0
3992,2
3993,3
3994,0
3995,1
3996,4
3997,2
3998,4
3999,3
4000,1
4001,1
4002,1
4003,3
4004,0
4005,2
4006,0
4007,3
4008,3
4009,4
4010,4
4011,2
4012,1
4013,3
4014,1
4015,2
4016,3
4017,1
4018,2
4019,4
4020,3
4021,4
4022,1
4023,0
4024,4
4025,2
4026,1
4027,2
4028,3
4029,1
4030,3
4031,2
4032,2
4033,1
4034,2
4035,2
4036,1
4037,3
4038,4
4039,2
4040,2
4041,1
4042,3
4043,3
4044,1
4045,4
4046,2
4047,1
4048,4
4049,2
4050,2
4051,1
4052,2
4053,0
4054,1
4055,4
4056,3
4057,3
4058,3
4059,2
4060,0
4061,1
4062,3
4063,4
4064,2
4065,3
4066,3
4067,2
4068,2
4069,1
4070,1
4071,2
4072,2
4073,3
4074,3
4075,4
4076,2
4077,4
4078,4
4079,4
4080,0
4081,1
4082,4
4083,2
4084,4
4085,0
4086,1
4087,0
4088,3
4089,2
4090,4
4091,2
4092,2
4093,1
4094,0
4095,2
4096,3
4097,1
4098,0
4099,0
4100,1
4101,2
4102,0
4103,3
4104,1
4105,0
4106,2
4107,4
4108,1
4109,2
4110,4
4111,2
4112,1
4113,4
4114,3
4115,0
4116,2
4117,3
4118,4
4119,4
4120,2
4121,2
4122,2
4123,3
4124,4
4125,0
4126,0
4127,0
4128,0
4129,3
4130,2
4131,2
4132,4
4133,1
4134,3
4135,0
4136,0
4137,3
4138,0
4139,3
4140,0
4141,3
4142,1
4143,1
4144,2
4145,3
4146,0
4147,0
4148,0
4149,0
4150,3
4151,2
4152,0
4153,1
4154,1
4155,3
4156,2
4157,0
4158,2
4159,1
4160,3
4161,0
4162,4
4163,4
4164,3
4165,3
4166,1
4167,0
4168,2
4169,3
4170,0
4171,0
4172,1
4173,2
4174,4
4175,3
4176,3
4177,2
4178,1
4179,2
4180,4
4181,4
4182,4
4183,3
4184,0
4185,4
4186,2
4187,1
4188,4
4189,2
4190,2
4191,3
4192,1
4193,1
4194,2
4195,2
4196,4
4197,3
4198,3
4199,2
4200,3
4201,3
4202,3
4203,2
4204,1
4205,2
4206,3
4207,0
4208,0
4209,3
4210,4
4211,1
4212,1
4213,4
4214,0
4215,3
4216,0
4217,3
4218,4
4219,2
4220,3
4221,3
4222,4
4223,0
4224,2
4225,2
4226,3
4227,1
4228,3
4229,2
4230,2
4231,4
4232,4
4233,3
4234,3
4235,4
4236,3
4237,2
4238,1
4239,0
4240,0
4241,0
4242,2
4243,2
4244,0
4245,4
4246,4
4247,0
4248,0
4249,1
4250,1
4251,1
4252,0
4253,4
4254,1
4255,0
4256,3
4257,1
4258,0
4259,3
4260,0
4261,1
4262,0
4263,4
4264,3
4265,0
4266,0
4267,1
4268,3
4269,4
4270,3
4271,3
4272,2
4273,4
4274,2
4275,1
4276,2
4277,3
4278,2
4279,3
4280,0
4281,2
4282,4
4283,3
4284,0
4285,0
4286,1
4287,0
4288,1
4289,4
4290,3
4291,3
4292,2
4293,0
4294,1
4295,0
4296,4
4297,1
4298,2
4299,1
4300,3
4301,1
4302,1
4303,1
4304,2
4305,3
4306,1
4307,2
4308,0
4309,1
4310,2
4311,2
4312,2
4313,0
4314,2
4315,3
4316,3
4317,4
4318,3
4319,4
4320,3
4321,0
4322,3
4323,3
4324,2
4325,0
4326,2
4327,2
4328,1
4329,3
4330,0
4331,3
4332,2
4333,4
4334,3
4335,2
4336,3
4337,3
4338,3
4339,0
4340,2
4341,3
4342,0
4343,2
4344,4
4345,3
4346,2
4347,4
4348,2
4349,3
4350,0
4351,0
4352,2
4353,1
4354,4
4355,4
4356,2
4357,4
4358,3
4359,3
4360,3
4361,4
4362,0
4363,3
4364,2
4365,2
4366,0
4367,2
4368,4
4369,0
4370,2
4371,0
4372,1
4373,3
4374,0
4375,4
4376,3
4377,2
4378,0
4379,0
4380,0
4381,3
4382,3
4383,4
4384,3
4385,0
4386,0
4387,1
4388,1
4389,1
4390,2
4391,0
4392,2
4393,0
4394,0
4395,3
4396,3
4397,4
4398,0
4399,3
4400,3
4401,1
4402,3
4403,3
4404,4
4405,2
4406,4
4407,3
4408,2
4409,4
4410,2
4411,2
4412,2
4413,2
4414,2
4415,4
4416,2
4417,0
4418,2
4419,0
4420,3
4421,2
4422,1
4423,4
4424,1
4425,0
4426,3
4427,0
4428,4
4429,4
4430,1
4431,3
4432,3
4433,4
4434,1
4435,2
4436,1
4437,0
4438,0
4439,4
4440,0
4441,2
4442,4
4443,1
4444,2
4445,3
4446,3
4447,1
4448,1
4449,2
4450,3
4451,2
4452,4
4453,2
4454,3
4455,2
4456,2
4457,4
4458,3
4459,3
4460,2
4461,2
4462,3
4463,2
4464,2
4465,3
4466,3
4467,2
4468,3
4469,1
4470,2
4471,0
4472,1
4473,1
4474,1
4475,1
4476,3
4477,2
4478,4
4479,0
4480,1
4481,4
4482,2
4483,2
4484,4
4485,3
4486,3
4487,0
4488,4
4489,1
4490,3
4491,1
4492,2
4493,3
4494,2
4495,3
4496,4
4497,1
4498,3
4499,4
4500,3
4501,4
4502,2
4503,3
4504,1
4505,4
4506,0
4507,3
4508,0
4509,3
4510,1
4511,2
4512,1
4513,4
4514,0
4515,2
4516,0
4517,0
4518,1
4519,2
4520,3
4521,0
4522,2
4523,0
4524,4
4525,2
4526,3
4527,1
4528,3
4529,0
4530,1
4531,3
4532,4
4533,0
4534,1
4535,1
4536,2
4537,3
4538,4
4539,0
4540,2
4541,3
4542,0
4543,1
4544,0
4545,1
4546,0
4547,2
4548,0
4549,0
4550,3
4551,4
4552,1
4553,2
4554,4
4555,0
4556,1
4557,4
4558,0
4559,1
4560,1
4561,3
4562,4
4563,2
4564,1
4565,3
4566,2
4567,3
4568,3
4569,2
4570,0
4571,4
4572,3
4573,1
4574,1
4575,2
4576,3
4577,0
4578,1
4579,4
4580,1
4581,1
4582,2
4583,4
4584,3
4585,2
4586,2
4587,4
4588,0
4589,2
4590,4
4591,2
4592,2
4593,3
4594,1
4595,3
4596,2
4597,1
4598,2
4599,0
4600,3
4601,0
4602,1
4603,0
4604,0
4605,4
4606,0
4607,3
4608,2
4609,1
4610,2
4611,4
4612,0
4613,2
4614,2
4615,1
4616,3
4617,0
