Index,Predicted_Bankruptcy
0,0
2,0
12,0
15,0
17,0
18,0
23,0
25,0
30,0
36,0
43,0
45,0
46,0
50,0
55,0
56,0
58,0
59,0
61,0
66,0
67,0
69,0
71,0
73,0
76,0
77,0
78,0
82,0
84,0
85,0
86,0
88,0
91,0
93,0
94,0
96,0
97,0
103,0
104,0
106,0
108,0
109,0
111,0
112,0
113,0
117,0
121,0
127,0
128,0
129,0
130,0
134,0
135,0
137,0
141,0
143,0
148,0
155,0
164,0
167,0
170,0
172,0
175,0
182,0
184,0
185,0
189,0
192,0
198,0
200,0
201,0
203,0
204,0
205,0
207,0
214,0
217,0
218,0
222,0
223,0
224,0
227,0
228,0
234,0
241,0
242,0
244,0
250,0
259,0
262,0
268,0
276,0
280,0
281,0
285,0
294,0
296,0
300,0
302,0
304,1
305,0
306,0
307,0
310,0
312,0
315,0
316,0
323,0
325,0
328,0
333,0
336,0
337,0
343,0
345,0
349,0
356,0
360,0
367,0
375,0
381,0
387,0
391,0
392,0
395,0
396,0
397,0
399,0
400,0
404,0
409,0
410,0
411,0
414,0
415,0
421,0
427,0
431,0
434,1
435,0
440,0
443,1
444,0
445,0
446,0
447,0
454,0
455,0
459,0
467,0
468,0
470,0
475,0
481,0
485,0
490,0
494,0
495,0
496,0
502,0
504,0
509,0
512,0
514,0
516,1
523,0
525,0
528,0
529,0
530,0
533,0
537,0
545,0
549,0
552,0
556,0
560,0
562,0
568,0
572,0
573,0
576,0
577,0
578,0
581,0
582,0
583,0
587,0
589,0
593,0
596,0
597,1
599,0
607,0
619,0
621,0
623,0
633,0
634,0
635,0
636,0
640,0
647,0
653,0
655,0
657,0
658,0
674,0
675,0
676,0
682,0
686,0
688,0
690,0
697,1
702,0
703,0
704,0
705,0
711,0
714,0
716,0
719,0
724,0
726,0
727,0
741,0
742,0
744,0
745,0
746,0
749,0
750,0
753,0
754,1
757,0
760,0
765,0
767,0
770,1
774,0
779,0
780,0
791,0
798,0
800,0
803,0
804,0
810,0
814,0
822,0
823,0
824,0
834,1
838,0
841,0
847,0
853,0
856,0
863,0
871,0
878,0
879,0
881,0
882,0
883,0
886,0
887,0
889,0
893,0
894,0
895,0
897,0
899,0
901,0
903,0
906,0
908,0
909,0
912,0
918,1
922,0
926,0
927,0
929,0
935,1
939,0
946,0
951,1
954,0
955,1
957,0
958,0
961,0
969,0
971,0
980,0
981,0
984,0
986,0
987,0
996,0
998,0
1001,0
1002,0
1003,0
1010,0
